image: LS401small.pgm
resolution: 0.050000
origin: [-6.575058, -6.142545, 0.000000]
negate: 0
occupied_thresh: 0.65
free_thresh: 0.196

