image: mapping-test.pgm
resolution: 0.050000
origin: [-25.766938, -24.795340, 0.000000]
negate: 0
occupied_thresh: 0.65
free_thresh: 0.196

